5
.98 3 3
29 70
dirt-straight-hilly:5,10,27,29
dirt-straight-flat:24
dirt-slalom-hilly:12,16
dirt-slalom-flat:19
asphalt-straight-hilly:1,15,18,28
asphalt-straight-flat:4,7,9,11,17,22,26
asphalt-slalom-hilly:2,8,20,21,25
asphalt-slalom-flat:3,6,13,14,23
5
carA:0.16 0.17 0.08 0.04 0.09 0.13 0.04 0.02 0.04 0.08 0.07 0.08
carB:0.07 0.14 0.03 0.18 0.05 0.07 0.11 0.12 0.03 0.15 0.03 0.02
carC:0.04 0.04 0.09 0.1 0.09 0.39 0.03 0.02 0.02 0.05 0.03 0.1
carD:0.02 0.11 0.09 0.05 0.09 0.07 0.14 0.14 0.19 0.02 0.04 0.04
carE:0.01 0.01 0.13 0.06 0.08 0.1 0.09 0.08 0.12 0.14 0.06 0.12
5
driverA:0.1 0.14 0.03 0.05 0.22 0.05 0.03 0.19 0.02 0.01 0.09 0.07
driverB:0.04 0.07 0.02 0.12 0.02 0.11 0.17 0.15 0.07 0.01 0.19 0.03
driverC:0.08 0.15 0.04 0.13 0.06 0.13 0.05 0.11 0.11 0.03 0.07 0.04
driverD:0.01 0.08 0.09 0.14 0.13 0.03 0.07 0.03 0.2 0.02 0.14 0.06
driverE:0.12 0.05 0.03 0.09 0.03 0.06 0.08 0.16 0.16 0.03 0.09 0.1
all-terrain:0.1 0.02 0.04 0.09 0.02 0.32 0.04 0.02 0.08 0.13 0.03 0.11
mud:0.03 0.02 0.02 0.02 0.17 0.02 0.05 0.04 0.29 0.2 0.08 0.06
low-profile:0.03 0.07 0.22 0.04 0.02 0.07 0.02 0.24 0.07 0.05 0.02 0.15
performance:0.06 0.05 0.07 0.04 0.05 0.12 0.02 0.16 0.06 0.07 0.15 0.15
1 5 6 2 5 3 7 4 7 7 6 8 2 2 7 3 6 8 1 3 1 1 3 4 2 3 7 3 3 5 3 8 8 2 7 5 8 4 7 2
0.13 0.34 0.05 0.13 0.28 0.22 0.3 0.28