2
0.95 3 2
10 20
dirt-straight:1,5,10
dirt-slalom:2-3,8
asphalt-straight:4,9
asphalt-slalom:6-7
3
kitt:0 0 0.05 0.1 0.25 0.3 0.1 0.05 0 0 0.05 0.1
flintmobile:0 0 0.1 0.1 0.2 0.3 0.1 0.05 0 0 0.1 0.05
mach-6:0 0 0 0.2 0.35 0.35 0 0 0 0 0.05 0.05
2
erli:0 0 0 0.1 0.15 0.35 0.15 0.05 0.05 0 0.05 0.1
serge:0 0 0 0.1 0.15 0.35 0.15 0.05 0.05 0 0.1 0.05
all-terrain:0.05 0.05 0.05 0.05 0.05 0.3 0.1 0.15 0.05 0.05 0.05 0.05
mud:0.0 0.0 0.0 0.1 0.4 0.1 0.1 0.0 0.0 0.0 0.2 0.1
low-profile: 0.0 0.0 0.0 0.15 0.15 0.15 0.15 0.0 0.0 0.0 0.1 0.3
performance:0.1 0.1 0.1 0.2 0.2 0.1 0.1 0.0 0.0 0.0 0.05 0.05
3 6 3 4 8 4 2 3 2 3 3 3
0.15 0.2 0.05 0.1