4
0.99 2 3
30 60
dirt-straight-hilly:1,5,10,22-23
dirt-straight-flat:11,15,20,28
dirt-slalom-hilly:2-3,8,24
dirt-slalom-flat:12-13,18,29
asphalt-straight-hilly:4,9,26
asphalt-straight-flat:14,19,27
asphalt-slalom-hilly:6-7,21,30
asphalt-slalom-flat:16-17,25
5
go-kart:0 0 0 0.05 0.25 0.3 0.15 0.05 0 0 0.1 0.1
kitt:0 0 0.05 0.1 0.25 0.3 0.1 0.05 0 0 0.05 0.1
flintmobile:0 0 0.1 0.1 0.2 0.3 0.1 0.05 0 0 0.1 0.05
mach-6:0 0 0 0.2 0.35 0.35 0 0 0 0 0.05 0.05
optimus:0.05 0.05 0.1 0.1 0.25 0.25 0.1 0.05 0 0 0.025 0.025
5
ben:0.09 0.09 0.09 0.09 0.09 0.12 0.12 0.09 0.09 0.09 0.02 0.02
calum:0 0 0 0.1 0.15 0.35 0.15 0.05 0.05 0 0.05 0.1
serge:0 0 0 0.1 0.15 0.35 0.15 0.05 0.05 0 0.1 0.05
johny:0.05 0.05 0.05 0.09 0.09 0.15 0.13 0.09 0.09 0.09 0.06 0.06
nick:0 0 0 0.15 0.15 0.2 0.1 0.1 0.1 0 0.1 0.1
all-terrain:0.05 0.05 0.05 0.05 0.2 0.2 0.15 0.05 0.05 0.05 0.05 0.05
mud:0 0.05 0.05 0.05 0.2 0.2 0.15 0.05 0.05 0.05 0.1 0.05
low-profile:0 0.02 0.03 0.03 0.1 0.3 0.13 0.03 0.03 0.03 0.1 0.2
performance:0 0.05 0.05 0.05 0.2 0.2 0.15 0.05 0.05 0.05 0.05 0.1
2 2 2 3 4 1 1 1 2 3 2 3 3 4 6 1 2 2 3 4 2 2 2 2 2 1 1 1 1 1 2 2 2 2 3 1 2 3 3 4
0.15 0.12 0.2 0.18 0.05 0.03 0.1 0.08